$ 1 0.000005 0.26073472713092677 48 5 50 5e-11
t 864 592 896 592 0 1 -11.99999974103628 1.2099999740447275e-8 100 default
t 992 512 1024 512 0 -1 11.999999734982792 -2.589672085662187e-7 100 default
f 1136 576 1200 576 32 1.5 0.02
R 448 416 384 416 1 2 500 3.3 3.3 0 0.5
r 544 592 608 592 0 1000
w 448 416 448 592 0
w 448 592 544 592 0
w 608 592 864 592 1
g 896 624 896 672 0 0
w 896 608 896 624 0
r 992 512 928 512 0 1000
r 912 496 912 448 0 6800
v 784 416 784 384 0 0 40 12 0 0 0.5
w 784 416 784 448 0
g 784 448 784 480 0 0
w 912 384 912 448 0
w 912 384 1024 384 0
w 1024 384 1024 496 0
w 1024 528 1104 528 1
r 1136 528 1136 576 0 100
r 1136 576 1136 624 0 150
w 1136 624 896 624 1
w 1104 528 1136 528 0
w 1200 592 1200 624 0
w 1200 624 1136 624 0
w 912 496 912 512 0
w 912 512 928 512 0
w 912 512 896 512 0
w 896 512 896 576 1
w 1200 560 1200 336 0
l 1072 128 1200 128 0 0.3 0.05136994469966598 0
w 1200 272 1200 336 0
w 1200 272 1200 256 0
r 1072 128 1072 256 0 390
r 1072 256 976 256 0 390
w 912 256 976 256 0
w 944 128 1072 128 0
w 944 128 944 64 0
w 944 64 800 64 0
w 784 384 912 384 0
209 672 256 496 256 0 0.000001 5.756529773813562 0 1
w 1200 128 1200 256 0
w 1200 256 1072 256 0
d 912 256 912 176 2 1N4148
d 864 176 864 256 2 1N4148
w 864 176 912 176 0
w 912 256 864 256 0
w 864 256 672 256 0
w 912 128 944 128 0
w 784 64 784 368 0
w 784 64 800 64 0
w 784 368 784 384 0
409 320 -48 432 -48 3 0.6 0 0.023100000000000002 2
v 368 -176 368 -144 0 0 40 12 0 0 0.5
w 368 16 368 -16 0
w 256 176 256 -32 0
w 256 -32 320 -32 0
r 320 16 320 -64 0 62000
r 432 32 432 -48 0 200000
r 432 32 432 112 0 50000
g 432 176 432 208 0 0
w 432 32 400 32 0
w 400 32 400 176 0
w 400 256 496 256 0
w 400 256 256 256 0
w 368 -144 368 -80 0
g 368 -176 368 -208 0 0
w 320 16 368 16 0
g 368 16 368 48 0 0
w 320 -64 192 -64 0
r 192 -64 192 -144 0 47000
w 192 -144 368 -144 0
w 256 176 256 256 0
w 400 176 400 256 0
r 432 112 432 176 0 1000000
w 432 112 528 112 0
209 128 -144 128 -64 0 0.00001 4.9597185287839975 0.001 1
w 128 -144 192 -144 0
w 192 -64 128 -64 0
w 912 128 912 176 0
o 29 1 0 x103002 26.84855971147742 0.0001 0 3 3 0 3 3
o 40 1 0 4099 20 0.00009765625 1 2 40 3
o 47 1 0 4099 80 0.00009765625 2 2 47 3
o 75 1 0 x103203 6.737461976839032 0.0001 3 2 75 3
