$ 1 0.000005 0.26073472713092677 45 5 50 5e-11
t 864 592 896 592 0 1 -11.999999741073058 1.2099999740484422e-8 100 default
t 992 512 1024 512 0 -1 11.999999735024977 -2.589250236439966e-7 100 default
f 1136 576 1200 576 32 1.5 0.02
R 448 416 384 416 1 2 500 3.3 3.3 0 0.5
r 544 592 608 592 0 1000
w 448 416 448 592 0
w 448 592 544 592 0
w 608 592 864 592 1
g 896 624 896 672 0 0
w 896 608 896 624 0
r 992 512 928 512 0 1000
r 912 496 912 448 0 6800
v 784 416 784 384 0 0 40 12 0 0 0.5
w 784 416 784 448 0
g 784 448 784 480 0 0
w 912 384 912 448 0
w 912 384 1024 384 0
w 1024 384 1024 496 0
w 1024 528 1104 528 1
r 1136 528 1136 576 0 100
r 1136 576 1136 624 0 150
w 1136 624 896 624 1
w 1104 528 1136 528 0
w 1200 592 1200 624 0
w 1200 624 1136 624 0
w 912 496 912 512 0
w 912 512 928 512 0
w 912 512 896 512 0
w 896 512 896 576 1
w 1200 560 1200 336 0
l 1072 128 1200 128 0 0.06 0.031247011332728017 0
w 1200 272 1200 336 0
w 1200 272 1200 256 0
r 1072 128 1072 256 0 390
r 1072 256 976 256 0 390
w 912 256 976 256 0
w 944 128 1072 128 0
w 944 128 944 64 0
w 944 64 800 64 0
w 784 384 912 384 0
209 672 256 496 256 0 0.000001 12.751274505075198 0 1
g 496 256 496 288 0 0
w 1200 128 1200 256 0
w 1200 256 1072 256 0
d 912 256 912 176 2 1N4148
d 864 176 864 256 2 1N4148
w 864 176 912 176 0
w 912 256 864 256 0
w 864 256 672 256 0
w 912 176 912 128 0
w 912 128 944 128 0
w 784 64 784 368 0
w 784 64 800 64 0
w 784 368 784 384 0
o 29 1 0 x101002 80 0.00078125 0 2 29 3
o 18 1 0 4099 80 0.4 1 4 18 3 7 0 7 3
o 3 1 0 4099 20 0.025 2 2 3 3
o 40 1 0 4099 80 0.1 3 2 40 3
o 48 1 0 4099 20 0.1 4 2 48 3
